0400364820191217000000000000000000000000000000000000000000000000000000000000000000000000000000000000
0400364820191217000000000000000000000000000000000000000000000000000000000000000000000000000000000000
0400364820191217000000000000000000000000000000000000000000000000000000000000000000000000000000000000
0400364820191217000000000000000000000000000000000000000000000000000000000000000000000000000000000000
0400364820191217000000000000000000000000000000000000000000000000000000000000000000000000000000000000
0400364820191217000000000000000000000000000000000000000000000000000000000000000000000000000000000000
0400364820191217000000000000000000000000000000000000000000000000000000000000000000000000000000000000
0400364820191217000000000000000000000000000000000000000000000000000000000000000000000000000000000000
0400364820191217000000000000000000000000000000000000000000000000000000000000000000000000000000000000
0400346820200730000000000000000000000000000000000000000000000000000000000000000000000000000000000000
0400346820200730000000000000000000000000000000000000000000000000000000000000000000000000000000000000
0400346820200730000000000000000000000000000000000000000000000000000000000000000000000000000000000000
0400346820200730000000000000000000000000000000000000000000000000000000000000000000000000000000000000
0400346820200730000000000000000000000000000000000000000000000000000000000000000000000000000000000000
0400346820200730000000000000000000000000000000000000000000000000000000000000000000000000000000000000
0400346820200730000000000000000000000000000000000000000000000000000000000000000000000000000000000000
0400346820200730000000000000000000000000000000000000000000000000000000000000000000000000000000000000
0400346820200730000000000000000000000000000000000000000000000000000000000000000000000000000000000000
0400346820200730000000000000000000000000000000000000000000000000000000000000000000000000000000000000
0400346820200730000000000000000000000000000000000000000000000000000000000000000000000000000000000000
0400346820200730000000000000000000000000000000000000000000000000000000000000000000000000000000000000
0400346820200730000000000000000000000000000000000000000000000000000000000000000000000000000000000000
0400346820200730000000000000000000000000000000000000000000000000000000000000000000000000000000000000
0400346820200730000000000000000000000000000000000000000000000000000000000000000000000000000000000000
0400346820200730000000000000000000000000000000000000000000000000000000000000000000000000000000000000
0400346820200730000000000000000000000000000000000000000000000000000000000000000000000000000000000000
0400346820200730000000000000000000000000000000000000000000000000000000000000000000000000000000000000
0400346820200730000000000000000000000000000000000000000000000000000000000000000000000000000000000000
0400346820200730000000000000000000000000000000000000000000000000000000000000000000000000000000000000
0400346820200730000000000000000000000000000000000000000000000000000000000000000000000000000000000000
0400346820200730000000000000000000000000000000000000000000000000000000000000000000000000000000000000
0400346820200730000000000000000000000000000000000000000000000000000000000000000000000000000000000000
0400346820200730000000000000000000000000000000000000000000000000000000000000000000000000000000000000
0400346820200730000000000000000000000000000000000000000000000000000000000000000000000000000000000000
0400346820200730000000000000000000000000000000000000000000000000000000000000000000000000000000000000
0400346820200730000000000000000000000000000000000000000000000000000000000000000000000000000000000000
0400346820200730000000000000000000000000000000000000000000000000000000000000000000000000000000000000
0400346820200730000000000000000000000000000000000000000000000000000000000000000000000000000000000000
0400346820200730000000000000000000000000000000000000000000000000000000000000000000000000000000000000
0400346820200730000000000000000000000000000000000000000000000000000000000000000000000000000000000000
500031139   000B0018022272641019202008130202008130000020200002020081300000000000000000000000
0400346820200730000000000000000000000000000000000000000000000000000000000000000000000000000000000000
500031139   000B0018022272641019202008130202008130000020200002020081300000000000000000000000
0400346820200730000000000000000000000000000000000000000000000000000000000000000000000000000000000000
500031139   000B0018022272641019202008130202008130000020200002020081300000000000000000000000
0400346820200730000000000000000000000000000000000000000000000000000000000000000000000000000000000000
500031139   000B0018022272641019202008130202008130000020200002020081300000000000000000000000
0400346820200730000000000000000000000000000000000000000000000000000000000000000000000000000000000000
0400346820200730000000000000000000000000000000000000000000000000000000000000000000000000000000000000
500031139    6414074000B0018022272641019202008130202008130000030000002020081300000000000000000000000
0400346820200730000000000000000000000000000000000000000000000000000000000000000000000000000000000000
500031139    6414074000B0018022272641019202008130202008130000030000002020081300000000000000000000000
0400346820200730000000000000000000000000000000000000000000000000000000000000000000000000000000000000
500031139    6414074000B0018022272641019202008130202008130000030000002020081300000000000000000000000
0400346820200730000000000000000000000000000000000000000000000000000000000000000000000000000000000000
500031139    6414074000B0018022272641019202008130202008130000030000002020081300000000000000000000000
0400346820200730000000000000000000000000000000000000000000000000000000000000000000000000000000000000
500031139    6414074000B0018022272641019202008130202008130000030000002020081300000000000000000000000
0400346820200730000000000000000000000000000000000000000000000000000000000000000000000000000000000000
500031139    6414074000B0018022272641019202008130202008130000030000002020081300000000000000000000000
0400346820200730000000000000000000000000000000000000000000000000000000000000000000000000000000000000
500031139    6414074000B0018022272641019202008130202008130000030000002020081300000000000000000000000
0400346820200730000000000000000000000000000000000000000000000000000000000000000000000000000000000000
500031139    6414074000B0018022272641019202008130202008130000030000002020081300000000000000000000000
0400346820200730000000000000000000000000000000000000000000000000000000000000000000000000000000000000
500031139    6414074000B0018022272641019202008130202008130000030000002020081300000000000000000000000
0400346820200730000000000000000000000000000000000000000000000000000000000000000000000000000000000000
500031139    6414074000B0018022272641019202008130202008130000030000002020081300000000000000000000000
0400346820200730000000000000000000000000000000000000000000000000000000000000000000000000000000000000
500031139    6414074000B0018022272641019202008130202008130000030000002020081300000000000000000000000
0400346820200730000000000000000000000000000000000000000000000000000000000000000000000000000000000000
500031139    6414074000B0018022272641019202008130202008130000030000002020081300000000000000000000000
0400346820200730000000000000000000000000000000000000000000000000000000000000000000000000000000000000
500031139    6414074000B0018022272641019202008130202008130000030000002020081300000000000000000000000
0400346820200730000000000000000000000000000000000000000000000000000000000000000000000000000000000000
500031139    6414074000B0018022272641019202008130202008130000030000002020081300000000000000000000000
0400346820200730000000000000000000000000000000000000000000000000000000000000000000000000000000000000
500031139    6414074000B0018022272641019202008130202008130000030000002020081300000000000000000000000
0400346820200730000000000000000000000000000000000000000000000000000000000000000000000000000000000000
500031139    6414074000B0018022272641019202008130202008130000030000002020081300000000000000000000000
0400346820200730000000000000000000000000000000000000000000000000000000000000000000000000000000000000
0400346820200730000000000000000000000000000000000000000000000000000000000000000000000000000000000000
500031138    6414074000B0018022026650919202008140202008140000020200002020081400000000000000000000000
500031139    6414074000B0018022272641019202008140202008140000039800002020081400000000000000000000000
0400346820200730000000000000000000000000000000000000000000000000000000000000000000000000000000000000
500031139    6414074000B0018022272641019202008140202008140000030000002020081400000000000000000000000
0400346820200730000000000000000000000000000000000000000000000000000000000000000000000000000000000000
500031138    6414074000B0018022026650919202008140202008140000020200002020081400000000000000000000000
500031139    6414074000B0018022272641019202008140202008140000009800002020081400000000000000000000000
0400346820200730000000000000000000000000000000000000000000000000000000000000000000000000000000000000
500031138    6414074000B0018022026650919202008140202008140000020200002020081400000000000000000000000
500031139    6414074000B0018022272641019202008140202008140000009800002020081400000000000000000000000
0400346820200730000000000000000000000000000000000000000000000000000000000000000000000000000000000000
500031138    6414074000B0018022026650919202008140202008140000020200002020081400000000000000000000000
500031139    6414074000B0018022272641019202008140202008140000009800002020081400000000000000000000000
0400346820200730000000000000000000000000000000000000000000000000000000000000000000000000000000000000
500031138    6414074000B0018022026650919202008140202008140000020200002020081400000000000000000000000
500031139    6414074000B0018022272641019202008140202008140000009800002020081400000000000000000000000
0400346820200730000000000000000000000000000000000000000000000000000000000000000000000000000000000000
500031138    6414074000B0018022026650919202008140202008140000020200002020081400000000000000000000000
500031139    6414074000B0018022272641019202008140202008140000009800002020081400000000000000000000000
0400346820200730000000000000000000000000000000000000000000000000000000000000000000000000000000000000
500031138    6414074000B0018022026650919202008140202008140000020200002020081400000000000000000000000
500031139    6414074000B0018022272641019202008140202008140000009800002020081400000000000000000000000
0400346820200730000000000000000000000000000000000000000000000000000000000000000000000000000000000000
500031138    6414074000B0018022026650919202008140202008140000020200002020081400000000000000000000000
500031139    6414074000B0018022272641019202008140202008140000009800002020081400000000000000000000000
0400346820200730000000000000000000000000000000000000000000000000000000000000000000000000000000000000
500031138    6414074000B0018022026650919202008140202008140000020200002020081400000000000000000000000
500031139    6414074000B0018022272641019202008140202008140000009800002020081400000000000000000000000
0400346820200730000000000000000000000000000000000000000000000000000000000000000000000000000000000000
500031138    6414074000B0018022026650919202008140202008140000020200002020081400000000000000000000000
500031139    6414074000B0018022272641019202008140202008140000009800002020081400000000000000000000000
0400346820200730000000000000000000000000000000000000000000000000000000000000000000000000000000000000
500031138    6414074000B0018022026650919202008140202008140000020200002020081400000000000000000000000
500031139    6414074000B0018022272641019202008140202008140000039800002020081400000000000000000000000
0400346820200730000000000000000000000000000000000000000000000000000000000000000000000000000000000000
500031138    6414074000B0018022026650919202008140202008140000020200002020081400000000000000000000000
500031139    6414074000B0018022272641019202008140202008140000009800002020081400000000000000000000000
0400346820200730000000000000000000000000000000000000000000000000000000000000000000000000000000000000
500031138    6414074000B0018022026650919202008140202008140000020200002020081400000000000000000000000
500031139    6414074000B0018022272641019202008140202008140000009800002020081400000000000000000000000
0400346820200730000000000000000000000000000000000000000000000000000000000000000000000000000000000000
500031138    6414074000B0018022026650919202008140202008140000020200002020081400000000000000000000000
500031139    6414074000B0018022272641019202008140202008140000009800002020081400000000000000000000000
0400346820200730000000000000000000000000000000000000000000000000000000000000000000000000000000000000
500031138    6414074000B0018022026650919202008140202008140000020200002020081400000000000000000000000
500031139    6414074000B0018022272641019202008140202008140000009800002020081400000000000000000000000
0400346820200730000000000000000000000000000000000000000000000000000000000000000000000000000000000000
500031139    6414074000B0018022272641019202008140202008140000030000002020081400000000000000000000000
0400346820200730000000000000000000000000000000000000000000000000000000000000000000000000000000000000
500031138    6414074000B0018022026650919202008140202008140000030000002020081400000000000000000000000
0400346820200730000000000000000000000000000000000000000000000000000000000000000000000000000000000000
0400346820200730000000000000000000000000000000000000000000000000000000000000000000000000000000000000
500031138    6414074000B0018022026650919202008140202008140000020200002020081400000000000000000000000
500031139    6414074000B0018022272641019202008140202008140000005350002020081400000000000000000000000
0400346820200730000000000000000000000000000000000000000000000000000000000000000000000000000000000000
500031138    6414074000B00180220266509192020081402020081400000202000020200814000000000000000000000001
500031139    6414074000B00180222726410192020081402020081400000053500020200814000000000000000000000002
0400346820200730000000000000000000000000000000000000000000000000000000000000000000000000000000000000
500031138    6414074000B00180220266509192020081402020081400000202000020200814000000000000000000000000
0400346820200730000000000000000000000000000000000000000000000000000000000000000000000000000000000000
500031138    6414074000B00180220266509192020081402020081400000202000020200814000000000000000000000000
0400346820200730000000000000000000000000000000000000000000000000000000000000000000000000000000000000
500031138    6414074000B00180220266509192020081402020081400000202000020200814000000000000000000000000
0400346820200730000000000000000000000000000000000000000000000000000000000000000000000000000000000000
500031138    6414074000B00180220266509192020081402020081400000202000020200814000000000000000000000000
0400346820200730000000000000000000000000000000000000000000000000000000000000000000000000000000000000
0400346820200730000000000000000000000000000000000000000000000000000000000000000000000000000000000000
0400346820200730000000000000000000000000000000000000000000000000000000000000000000000000000000000000
0400346820200730000000000000000000000000000000000000000000000000000000000000000000000000000000000000
500031138    6414074000B00180220266509192020081802020081800000202000020200818000000000000000000000000
0400346820200730000000000000000000000000000000000000000000000000000000000000000000000000000000000000
500031138    6414074000B00180220266509192020081802020081800000202000020200818000000000000000000000000
0400346820200730000000000000000000000000000000000000000000000000000000000000000000000000000000000000
0400346820200730000000000000000000000000000000000000000000000000000000000000000000000000000000000000
0400346820200730000000000000000000000000000000000000000000000000000000000000000000000000000000000000
0400346820200730000000000000000000000000000000000000000000000000000000000000000000000000000000000000
0400346820200730000000000000000000000000000000000000000000000000000000000000000000000000000000000000
500031138    6414074000B00180220266509192020081802020081800000003000020200818000000000000000000000002
0400346820200730000000000000000000000000000000000000000000000000000000000000000000000000000000000000
500031138    6414074000B00180220266509192020081802020081800000003000020200818000000000000000000000002
0400346820200730000000000000000000000000000000000000000000000000000000000000000000000000000000000000
500031138    6414074000B00180220266509192020081802020081800000202000020200818000000000000000000000000
0400346820200730000000000000000000000000000000000000000000000000000000000000000000000000000000000000
500031138    6414074000B00180220266509192020081802020081800000202000020200818000000000000000000000000
0400346820200730000000000000000000000000000000000000000000000000000000000000000000000000000000000000
500031138    6414074000B00180220266509192020081802020081800000202000020200818000000000000000000000000
0400346820200730000000000000000000000000000000000000000000000000000000000000000000000000000000000000
500031138    6414074000B00180220266509192020081802020081800000202000020200818000000000000000000000000
0400346820200730000000000000000000000000000000000000000000000000000000000000000000000000000000000000
500031138    6414074000B00180220266509192020081802020081800000202000020200818000000000000000000000000
0400346820200730000000000000000000000000000000000000000000000000000000000000000000000000000000000000
500031138    6414074000B00180220266509192020081802020081800000202000020200818000000000000000000000000
0400346820200730000000000000000000000000000000000000000000000000000000000000000000000000000000000000
500031138    6414074000B00180220266509192020081902020081900000202000020200819000000000000000000000000
0400346820200730000000000000000000000000000000000000000000000000000000000000000000000000000000000000
500031138    6414074000B00180220266509192020082002020082000000001000020200820000000000000000000000002
