0400346820200730000000000000000000000000000000000000000000000000000000000000000000000000000000000000
500031138    6414074000B00180220266509192020082002020082000000001000020200820000000000000000000000002
0400346820200730000000000000000000000000000000000000000000000000000000000000000000000000000000000000
500031138    6414074000B00180220266509192020082002020082000000001000020200820000000000000000000000002
0400346820200730000000000000000000000000000000000000000000000000000000000000000000000000000000000000
500031138    6414074000B00180220266509192020082002020082000000001000020200820000000000000000000000002
0400346820200730000000000000000000000000000000000000000000000000000000000000000000000000000000000000
500031138    6414074000B00180220266509192020082002020082000000001000020200820000000000000000000000002
0400346820200730000000000000000000000000000000000000000000000000000000000000000000000000000000000000
500031138    6414074000B00180220266509192020082002020082000000001000020200820000000000000000000000002
0400346820200730000000000000000000000000000000000000000000000000000000000000000000000000000000000000
500031138    6414074000B00180220266509192020082002020082000000001000020200820000000000000000000000002
0400346820200730000000000000000000000000000000000000000000000000000000000000000000000000000000000000
0400346820200730000000000000000000000000000000000000000000000000000000000000000000000000000000000000
0400346820200730000000000000000000000000000000000000000000000000000000000000000000000000000000000000
0400346820200730000000000000000000000000000000000000000000000000000000000000000000000000000000000000
0400346820200730000000000000000000000000000000000000000000000000000000000000000000000000000000000000
0400346820200730000000000000000000000000000000000000000000000000000000000000000000000000000000000000
0400346820200730000000000000000000000000000000000000000000000000000000000000000000000000000000000000
500031138    6414074000B00180220266509192020082002020082000000001000020200820000000000000000000000002
0400346820200730000000000000000000000000000000000000000000000000000000000000000000000000000000000000
0400346820200730000000000000000000000000000000000000000000000000000000000000000000000000000000000000
0400346820200730000000000000000000000000000000000000000000000000000000000000000000000000000000000000
500031138    6414074000B00180220266509192020082002020082000000003000020200820000000000000000000000002
0400346820200730000000000000000000000000000000000000000000000000000000000000000000000000000000000000
0400346820200730000000000000000000000000000000000000000000000000000000000000000000000000000000000000
0400346820200730000000000000000000000000000000000000000000000000000000000000000000000000000000000000
500031138    6414074000B00180220266509192020082002020082000000001000020200820000000000000000000000002
0400346820200730000000000000000000000000000000000000000000000000000000000000000000000000000000000000
0400346820200730000000000000000000000000000000000000000000000000000000000000000000000000000000000000
500031138    6414074000B00180220266509192020082002020082000000030000020200820000000000000000000000002
0400346820200730000000000000000000000000000000000000000000000000000000000000000000000000000000000000
